      0.64       3.51       0.00      44.00       2.93       0.00       0.00       4.10      49.12       0.03       0.03       1.00      13.72       0.93       0.27
      0.66       3.36       0.00      27.00       2.07       0.00       1.00       5.00      27.88       0.03       0.03       1.00      13.72       0.93       0.27
      0.60       3.22       0.00      38.20       3.04       0.00       0.00       3.60      42.44       0.05       0.06       0.99      24.14       0.77       0.48
      0.60       3.54       0.00      23.00       1.79       0.00       1.00       5.00      27.09       0.05       0.06       0.99      24.14       0.77       0.48
      0.70       4.13       0.00      35.60       2.26       0.00       0.90       6.00      43.68       0.03       0.04       1.00      12.64       0.96       0.21
      0.60       3.44       0.00      27.00       1.85       0.00       1.00       5.00      26.15       0.03       0.04       1.00      12.64       0.96       0.21
      0.84       4.18       0.00      40.00       2.75       0.00       1.30       5.27      48.99       0.03       0.04       0.99      10.13       0.96       0.21
      0.72       3.59       0.00      30.00       2.04       0.00       1.00       5.00      27.92       0.03       0.04       0.99      10.13       0.96       0.21
      0.63       3.26       0.00      48.80       3.27       0.00       0.15       4.40      35.00       0.04       0.04       0.99      18.51       0.91       0.30
      0.66       3.09       0.00      25.00       2.04       0.00       1.00       5.00      20.05       0.04       0.04       0.99      18.51       0.91       0.30
      0.36       4.44       0.00      47.70       2.66       0.00       0.30       4.50      68.99       0.03       0.03       1.00      11.59       0.96       0.20
      0.59       3.64       0.00      26.00       1.79       0.00       1.00       5.75      28.92       0.03       0.03       1.00      11.59       0.96       0.20
      0.47       2.81       0.00      34.30       3.05       0.00       0.20       3.55      30.44       0.04       0.05       0.99      21.71       0.86       0.37
      0.60       3.41       0.00      27.00       1.85       0.00       1.00       5.00      26.56       0.04       0.05       0.99      21.71       0.86       0.37
      0.78       4.06       0.00      34.20       2.13       0.00       0.30       5.27      45.68       0.04       0.05       1.00      17.83       0.92       0.29
      0.64       3.01       0.00      26.00       2.15       0.00       1.00       4.00      22.50       0.04       0.05       1.00      17.83       0.92       0.29
      0.62       3.29       0.00      26.00       2.12       0.00       0.70       4.47      28.70       0.02       0.03       1.00      10.36       0.96       0.19
      0.77       2.96       0.00      25.00       2.06       0.00       0.00       4.00      21.81       0.02       0.03       1.00      10.36       0.96       0.19
      0.59       5.16       0.00      40.30       1.97       0.00       0.90       7.17      65.25       0.03       0.04       0.97      13.61       0.94       0.25
      0.48       4.67       0.00      38.00       1.89       0.00       0.00       7.75      48.08       0.03       0.04       0.97      13.61       0.94       0.25
      0.75       4.49       0.00      33.50       1.99       0.00       0.80       6.68      48.30       0.02       0.03       0.99       9.53       0.97       0.18
      0.73       4.31       0.00      33.00       1.98       0.00       1.00       6.00      39.98       0.02       0.03       0.99       9.53       0.97       0.18
      0.62       3.44       0.00      55.70       3.66       0.00       0.00       3.85      46.50       0.03       0.04       0.98      13.63       0.94       0.24
      0.67       4.10       0.00      60.00       3.73       0.00       0.00       6.00      60.15       0.03       0.04       0.98      13.63       0.94       0.24
      0.81       8.21       0.00      30.50       0.93       0.00       7.00      12.25      60.04       0.18       0.22       0.97      56.66      -0.00       0.99
      0.63       4.17       0.00      51.00       2.99       0.00       0.00       5.00      64.16       0.18       0.22       0.97      56.66      -0.00       0.99
      0.48       3.96       0.00      40.20       2.56       0.00       0.40       5.18      48.62       0.03       0.05       0.99      14.29       0.90       0.31
      0.72       4.18       0.00      32.00       1.83       0.00       2.00       6.00      34.13       0.03       0.05       0.99      14.29       0.90       0.31
      0.70       4.31       0.00      45.50       2.46       0.00       0.00       6.25      61.69       0.02       0.02       0.99       8.97       0.97       0.18
      0.62       3.91       0.00      34.00       2.23       0.00       0.00       6.00      42.16       0.02       0.02       0.99       8.97       0.97       0.18
      0.59       3.97       0.00      49.30       3.33       0.00       0.15       5.00      51.56       0.02       0.02       1.00       8.58       0.97       0.16
      0.75       3.42       0.00      31.00       1.94       0.00       0.00       5.00      28.01       0.02       0.02       1.00       8.58       0.97       0.16
      0.70       4.05       0.00      46.20       2.70       0.00       0.40       3.95      56.54       0.07       0.08       0.99      32.75       0.71       0.54
      0.73       2.43       0.00      26.00       2.57       0.00       0.00       3.00      22.37       0.07       0.08       0.99      32.75       0.71       0.54
      0.48       4.23       0.00      37.00       2.01       0.00       0.00       5.10      53.79       0.03       0.04       0.99      15.73       0.92       0.28
      0.74       3.62       0.00      34.00       1.98       0.00       1.00       6.00      29.96       0.03       0.04       0.99      15.73       0.92       0.28
      0.67       4.22       0.00      45.80       2.94       0.00       0.75       6.30      52.47       0.01       0.02       1.00       5.86       0.99       0.11
      0.70       4.09       0.00      33.00       1.91       0.00       1.00       6.00      34.77       0.01       0.02       1.00       5.86       0.99       0.11
      0.57       4.41       0.00      42.80       2.42       0.00       0.50       6.00      55.37       0.03       0.04       0.99      11.90       0.94       0.25
      0.63       3.76       0.00      38.00       2.47       0.00       0.00       6.00      39.06       0.03       0.04       0.99      11.90       0.94       0.25
      0.72       5.24       0.00      40.80       1.86       0.00       1.50       8.30      55.50       0.07       0.07       0.98      23.65       0.81       0.43
      0.61       4.08       0.00      41.00       2.58       0.00       2.00       5.00      41.85       0.07       0.07       0.98      23.65       0.81       0.43
      0.62       3.25       0.00      30.00       2.43       0.00       1.50       4.00      25.29       0.07       0.09       0.96      36.13       0.68       0.56
      0.48       4.75       0.00      33.00       1.71       0.00       2.00       8.00      40.67       0.07       0.09       0.96      36.13       0.68       0.56
      0.58       6.29       0.00      47.40       2.17       0.00       1.40       8.20     104.60       0.10       0.10       0.98      41.33       0.57       0.65
      0.68       3.11       0.00      28.00       2.09       0.00       0.00       5.00      24.99       0.10       0.10       0.98      41.33       0.57       0.65
      0.73       4.14       0.00      54.50       3.21       0.00       0.00       6.00      65.16       0.09       0.10       0.95      50.47       0.28       0.84
      0.63       2.12       0.00      25.00       3.00       0.00       0.00       2.00      21.17       0.09       0.10       0.95      50.47       0.28       0.84
      0.78       5.46       0.00      39.10       1.87       0.00       1.50       8.20      64.52       0.05       0.05       0.99      20.80       0.88       0.35
      0.71       4.29       0.00      31.00       1.98       0.00       2.00       6.00      36.58       0.05       0.05       0.99      20.80       0.88       0.35
      0.57       4.55       0.00      46.50       2.85       0.00       1.10       6.25      63.49       0.04       0.06       0.98      14.33       0.89       0.33
      0.61       4.23       0.00      60.00       3.41       0.00       0.00       6.00      62.56       0.04       0.06       0.98      14.33       0.89       0.33
      0.81       5.19       0.00      46.50       2.18       0.00       1.50       7.62      61.04       0.03       0.04       1.00      12.19       0.95       0.21
      0.74       4.39       0.00      33.00       1.92       0.00       1.00       6.00      40.05       0.03       0.04       1.00      12.19       0.95       0.21
      0.57       8.18       0.00      59.40       1.89       0.00       3.00      14.05     124.70       0.11       0.11       0.98      34.52       0.63       0.61
      0.53       4.71       0.00      41.00       2.13       0.00       1.00       8.00      45.45       0.11       0.11       0.98      34.52       0.63       0.61
      0.49       4.30       0.00      48.00       2.82       0.00       0.85       5.30      53.60       0.03       0.04       0.99      11.49       0.96       0.21
      0.68       4.58       0.00      34.00       1.77       0.00       2.00       7.00      38.27       0.03       0.04       0.99      11.49       0.96       0.21
      0.49       2.01       0.00      35.30       4.06       0.00       0.00       0.40      29.02       0.10       0.12       0.98      79.65      -1.45       1.54
      0.69       3.40       0.00      29.00       1.90       0.00       0.00       5.00      28.96       0.10       0.12       0.98      79.65      -1.45       1.54
      0.67       2.61       0.00      42.00       2.99       0.00       0.00       0.00      41.33       0.06       0.09       0.95      54.97      -1.25       1.48
      0.76       3.62       0.00      37.00       2.40       0.00       1.00       5.00      32.17       0.06       0.09       0.95      54.97      -1.25       1.48
      0.54       4.42       0.00      57.80       3.36       0.00       0.00       5.75      80.49       0.03       0.03       1.00      12.98       0.94       0.24
      0.70       3.43       0.00      32.00       2.40       0.00       0.00       5.75      33.63       0.03       0.03       1.00      12.98       0.94       0.24
      0.56       3.96       0.00      43.50       3.00       0.00       0.90       4.00      64.71       0.03       0.04       0.99      17.63       0.91       0.30
      0.74       3.46       0.00      27.00       1.84       0.00       1.00       5.00      26.79       0.03       0.04       0.99      17.63       0.91       0.30
      0.87       3.89       0.00      44.90       2.92       0.00       0.00       5.52      53.51       0.03       0.04       0.99      16.42       0.91       0.29
      0.70       3.00       0.00      23.00       2.01       0.00       0.00       4.75      24.52       0.03       0.04       0.99      16.42       0.91       0.29
      0.48       2.29       0.00      39.00       3.81       0.00       0.00       1.00      37.22       0.06       0.07       0.99      42.04       0.38       0.78
      0.52       2.56       0.00      25.00       2.41       0.00       0.00       3.00      20.54       0.06       0.07       0.99      42.04       0.38       0.78
      0.51       2.98       0.00      42.30       3.36       0.00       0.00       2.50      46.70       0.05       0.06       0.97      27.46       0.76       0.49
      0.73       3.25       0.00      28.00       1.95       0.00       0.00       5.00      26.64       0.05       0.06       0.97      27.46       0.76       0.49
      0.74       2.36       0.00      32.20       3.44       0.00       0.00       1.65      32.54       0.07       0.09       1.00      48.42       0.12       0.93
      0.59       3.09       0.00      27.00       2.23       0.00       1.00       4.00      24.01       0.07       0.09       1.00      48.42       0.12       0.93
      0.60       3.96       0.00      43.10       2.63       0.00       0.00       4.80      48.24       0.04       0.05       0.98      16.08       0.89       0.33
      0.79       4.37       0.00      29.00       1.61       0.00       1.00       7.00      37.27       0.04       0.05       0.98      16.08       0.89       0.33
      0.48       4.72       0.00      41.20       2.29       0.00       0.00       7.95      58.30       0.02       0.03       0.99      10.33       0.93       0.27
      0.60       4.99       0.00      38.00       1.64       0.00       2.00       9.00      41.77       0.02       0.03       0.99      10.33       0.93       0.27
      0.53       7.09       0.00      39.40       1.27       0.00       3.90      11.45      71.16       0.10       0.10       0.98      29.44       0.74       0.51
      0.49       4.75       0.00      43.00       2.02       0.00       2.00       8.00      39.95       0.10       0.10       0.98      29.44       0.74       0.51
      0.84       4.94       0.00      40.50       1.86       0.00       0.75       8.50      48.02       0.04       0.05       0.98      16.13       0.91       0.30
      0.70       4.25       0.00      37.00       1.92       0.00       1.00       6.00      36.85       0.04       0.05       0.98      16.13       0.91       0.30
      0.50       5.13       0.00      47.00       2.04       0.00       1.30       8.25      57.87       0.03       0.04       0.99      12.78       0.94       0.24
      0.60       4.43       0.00      34.00       1.77       0.00       2.50       8.00      34.90       0.03       0.04       0.99      12.78       0.94       0.24
      0.40       4.89       0.00      39.00       2.01       0.00       0.00       7.25      65.70       0.04       0.05       0.99      18.00       0.88       0.35
      0.46       4.68       0.00      47.00       2.25       0.00       2.00       7.00      43.60       0.04       0.05       0.99      18.00       0.88       0.35
      0.57       4.41       0.00      32.30       1.88       0.00       0.60       7.40      39.86       0.05       0.06       0.98      20.07       0.84       0.40
      0.61       3.99       0.00      42.00       2.36       0.00       0.00       6.00      45.59       0.05       0.06       0.98      20.07       0.84       0.40
      0.46       3.69       0.00      41.00       2.50       0.00       0.00       4.75      46.06       0.07       0.10       0.99      39.88       0.21       0.88
      0.53       4.88       0.00      35.00       1.52       0.00       2.00       8.00      38.59       0.07       0.10       0.99      39.88       0.21       0.88
