      0.64       3.51       0.00      44.00       2.93       0.00       0.00       4.10      49.12       0.01       0.02       1.00       6.58       0.98       0.13
      0.67       3.14       0.00      39.81       3.11       0.00       0.00       3.70      37.63       0.01       0.02       1.00       6.58       0.98       0.13
      0.60       3.22       0.00      38.20       3.04       0.00       0.00       3.60      42.44       0.02       0.02       0.99       8.92       0.97       0.18
      0.71       2.71       0.00      29.67       2.97       0.00       0.00       3.32      28.56       0.02       0.02       0.99       8.92       0.97       0.18
      0.70       4.13       0.00      35.60       2.26       0.00       0.90       6.00      43.68       0.02       0.03       0.99       9.43       0.97       0.18
      0.61       3.50       0.00      31.38       2.18       0.00       0.58       5.54      30.80       0.02       0.03       0.99       9.43       0.97       0.18
      0.84       4.18       0.00      40.00       2.75       0.00       1.30       5.27      48.99       0.03       0.05       0.99      13.04       0.94       0.25
      0.74       3.46       0.00      35.63       2.81       0.00       0.64       4.99      36.01       0.03       0.05       0.99      13.04       0.94       0.25
      0.63       3.26       0.00      48.80       3.27       0.00       0.15       4.40      35.00       0.05       0.05       0.99      23.54       0.86       0.37
      0.73       2.33       0.00      39.43       3.61       0.00       0.00       3.07      20.95       0.05       0.05       0.99      23.54       0.86       0.37
      0.36       4.44       0.00      47.70       2.66       0.00       0.30       4.50      68.99       0.03       0.04       0.99      12.54       0.94       0.24
      0.49       3.64       0.00      36.07       2.41       0.00       0.00       4.56      44.41       0.03       0.04       0.99      12.54       0.94       0.24
      0.47       2.81       0.00      34.30       3.05       0.00       0.20       3.55      30.44       0.04       0.06       0.98      21.48       0.80       0.45
      0.69       2.14       0.00      27.74       2.89       0.00       0.00       2.10      21.15       0.04       0.06       0.98      21.48       0.80       0.45
      0.78       4.06       0.00      34.20       2.13       0.00       0.30       5.27      45.68       0.03       0.03       1.00      10.71       0.96       0.19
      0.75       3.39       0.00      26.27       1.99       0.00       0.00       4.72      32.08       0.03       0.03       1.00      10.71       0.96       0.19
      0.62       3.29       0.00      26.00       2.12       0.00       0.70       4.47      28.70       0.02       0.03       0.99      10.39       0.96       0.20
      0.72       2.69       0.00      24.64       2.12       0.00       0.00       3.90      19.10       0.02       0.03       0.99      10.39       0.96       0.20
      0.59       5.16       0.00      40.30       1.97       0.00       0.90       7.17      65.25       0.02       0.02       0.99       8.46       0.98       0.14
      0.61       4.52       0.00      41.66       2.06       0.00       1.17       6.15      47.08       0.02       0.02       0.99       8.46       0.98       0.14
      0.75       4.49       0.00      33.50       1.99       0.00       0.80       6.68      48.30       0.02       0.02       1.00       8.24       0.98       0.15
      0.69       3.88       0.00      33.17       1.96       0.00       0.30       6.21      36.70       0.02       0.02       1.00       8.24       0.98       0.15
      0.62       3.44       0.00      55.70       3.66       0.00       0.00       3.85      46.50       0.03       0.03       0.99      13.41       0.94       0.23
      0.67       2.75       0.00      37.52       3.46       0.00       0.00       3.36      30.73       0.03       0.03       0.99      13.41       0.94       0.23
      0.81       8.21       0.00      30.50       0.93       0.00       7.00      12.25      60.04       0.04       0.05       0.99      12.41       0.96       0.21
      0.63       7.18       0.00      32.00       0.87       1.13       6.06      11.97      44.66       0.04       0.05       0.99      12.41       0.96       0.21
      0.48       3.96       0.00      40.20       2.56       0.00       0.40       5.18      48.62       0.03       0.04       0.99      13.49       0.92       0.29
      0.56       3.33       0.00      33.36       2.43       0.00       0.00       4.69      37.68       0.03       0.04       0.99      13.49       0.92       0.29
      0.70       4.31       0.00      45.50       2.46       0.00       0.00       6.25      61.69       0.02       0.03       0.99      12.02       0.95       0.22
      0.71       3.68       0.00      33.29       2.49       0.00       0.00       4.79      44.07       0.02       0.03       0.99      12.02       0.95       0.22
      0.59       3.97       0.00      49.30       3.33       0.00       0.15       5.00      51.56       0.03       0.04       0.99      14.65       0.91       0.30
      0.75       3.35       0.00      47.87       3.08       0.00       0.00       4.14      40.05       0.03       0.04       0.99      14.65       0.91       0.30
      0.70       4.05       0.00      46.20       2.70       0.00       0.40       3.95      56.54       0.05       0.06       0.99      21.68       0.85       0.39
      0.74       3.58       0.00      38.70       2.92       0.00       1.26       4.29      35.81       0.05       0.06       0.99      21.68       0.85       0.39
      0.48       4.23       0.00      37.00       2.01       0.00       0.00       5.10      53.79       0.02       0.03       0.99      11.36       0.95       0.23
      0.77       3.72       0.00      32.43       2.09       0.00       0.00       5.80      44.34       0.02       0.03       0.99      11.36       0.95       0.23
      0.67       4.22       0.00      45.80       2.94       0.00       0.75       6.30      52.47       0.05       0.06       0.98      20.56       0.86       0.38
      0.67       3.22       0.00      42.77       3.47       0.00       0.38       3.45      39.72       0.05       0.06       0.98      20.56       0.86       0.38
      0.57       4.41       0.00      42.80       2.42       0.00       0.50       6.00      55.37       0.02       0.02       0.99       6.69       0.98       0.15
      0.64       4.09       0.00      31.04       2.09       0.00       0.51       5.76      43.37       0.02       0.02       0.99       6.69       0.98       0.15
      0.72       5.24       0.00      40.80       1.86       0.00       1.50       8.30      55.50       0.06       0.06       0.99      21.41       0.86       0.37
      0.67       3.80       0.00      37.15       2.29       0.00       0.46       6.38      35.88       0.06       0.06       0.99      21.41       0.86       0.37
      0.62       3.25       0.00      30.00       2.43       0.00       1.50       4.00      25.29       0.03       0.03       0.99      12.81       0.96       0.21
      0.55       2.69       0.00      29.21       2.50       0.00       0.35       3.77      18.84       0.03       0.03       0.99      12.81       0.96       0.21
      0.58       6.29       0.00      47.40       2.17       0.00       1.40       8.20     104.60       0.02       0.03       0.99      10.29       0.97       0.17
      0.76       5.33       0.00      44.08       1.99       0.00       0.47       9.27      65.08       0.02       0.03       0.99      10.29       0.97       0.17
      0.73       4.14       0.00      54.50       3.21       0.00       0.00       6.00      65.16       0.03       0.04       0.97      14.48       0.88       0.34
      0.63       3.67       0.00      48.58       3.54       0.00       0.63       5.64      47.21       0.03       0.04       0.97      14.48       0.88       0.34
      0.78       5.46       0.00      39.10       1.87       0.00       1.50       8.20      64.52       0.03       0.03       0.99      11.39       0.96       0.19
      0.78       4.75       0.00      31.79       1.83       0.00       0.84       7.02      51.49       0.03       0.03       0.99      11.39       0.96       0.19
      0.57       4.55       0.00      46.50       2.85       0.00       1.10       6.25      63.49       0.02       0.02       0.99       7.19       0.98       0.13
      0.62       4.05       0.00      38.01       2.48       0.00       1.18       5.41      41.96       0.02       0.02       0.99       7.19       0.98       0.13
      0.81       5.19       0.00      46.50       2.18       0.00       1.50       7.62      61.04       0.08       0.21       0.81      28.13      -0.42       1.19
      0.72       3.87       0.00      27.12       1.81       0.00       1.42       6.04      28.74       0.08       0.21       0.81      28.13      -0.42       1.19
      0.57       8.18       0.00      59.40       1.89       0.00       3.00      14.05     124.70       0.02       0.03       0.99       7.26       0.98       0.14
      0.54       7.49       0.00      48.92       1.89       0.00       2.93      11.50     106.07       0.02       0.03       0.99       7.26       0.98       0.14
      0.49       4.30       0.00      48.00       2.82       0.00       0.85       5.30      53.60       0.04       0.05       0.99      14.21       0.90       0.32
      0.66       3.80       0.00      37.10       2.22       0.00       0.00       5.08      44.35       0.04       0.05       0.99      14.21       0.90       0.32
      0.49       2.01       0.00      35.30       4.06       0.00       0.00       0.40      29.02       0.02       0.02       0.98      12.02       0.92       0.28
      0.76       1.74       0.00      31.78       3.87       0.00       0.00       1.44      17.73       0.02       0.02       0.98      12.02       0.92       0.28
      0.67       2.61       0.00      42.00       2.99       0.00       0.00       0.00      41.33       0.04       0.05       0.93      36.35       0.34       0.80
      0.76       2.44       0.00      36.53       3.46       0.00       0.00       3.01      25.94       0.04       0.05       0.93      36.35       0.34       0.80
      0.54       4.42       0.00      57.80       3.36       0.00       0.00       5.75      80.49       0.03       0.04       0.99      16.04       0.89       0.33
      0.65       3.69       0.00      43.71       3.02       0.00       0.00       4.10      59.96       0.03       0.04       0.99      16.04       0.89       0.33
      0.56       3.96       0.00      43.50       3.00       0.00       0.90       4.00      64.71       0.01       0.02       0.99       7.54       0.98       0.15
      0.77       3.48       0.00      42.01       2.77       0.00       0.00       3.74      46.82       0.01       0.02       0.99       7.54       0.98       0.15
      0.87       3.89       0.00      44.90       2.92       0.00       0.00       5.52      53.51       0.03       0.03       0.99      12.28       0.95       0.23
      0.80       3.33       0.00      43.95       3.38       0.00       0.00       4.57      41.94       0.03       0.03       0.99      12.28       0.95       0.23
      0.48       2.29       0.00      39.00       3.81       0.00       0.00       1.00      37.22       0.16       0.18       0.95     109.88      -2.95       1.97
      0.48       4.61       0.00      30.59       1.59       0.00       0.77       7.69      45.07       0.16       0.18       0.95     109.88      -2.95       1.97
      0.51       2.98       0.00      42.30       3.36       0.00       0.00       2.50      46.70       0.02       0.04       0.99      13.11       0.92       0.28
      0.70       2.51       0.00      35.55       3.11       0.00       0.00       1.50      33.29       0.02       0.04       0.99      13.11       0.92       0.28
      0.74       2.36       0.00      32.20       3.44       0.00       0.00       1.65      32.54       0.02       0.02       1.00      10.19       0.97       0.17
      0.76       1.97       0.00      28.54       3.28       0.00       0.00       2.22      19.29       0.02       0.02       1.00      10.19       0.97       0.17
      0.60       3.96       0.00      43.10       2.63       0.00       0.00       4.80      48.24       0.03       0.04       0.98      13.27       0.93       0.26
      0.76       3.29       0.00      42.95       2.92       0.00       0.19       4.13      36.92       0.03       0.04       0.98      13.27       0.93       0.26
      0.48       4.72       0.00      41.20       2.29       0.00       0.00       7.95      58.30       0.03       0.03       0.98      12.90       0.93       0.26
      0.48       4.20       0.00      37.71       2.33       0.00       0.47       7.11      44.07       0.03       0.03       0.98      12.90       0.93       0.26
      0.53       7.09       0.00      39.40       1.27       0.00       3.90      11.45      71.16       0.04       0.04       0.99      11.81       0.95       0.21
      0.55       6.34       0.00      37.78       1.42       0.16       3.09       9.86      58.33       0.04       0.04       0.99      11.81       0.95       0.21
      0.84       4.94       0.00      40.50       1.86       0.00       0.75       8.50      48.02       0.05       0.06       0.95      19.37       0.85       0.38
      0.56       4.35       0.00      37.04       2.08       0.00       1.83       6.39      38.09       0.05       0.06       0.95      19.37       0.85       0.38
      0.50       5.13       0.00      47.00       2.04       0.00       1.30       8.25      57.87       0.03       0.03       1.00      10.54       0.96       0.20
      0.70       4.85       0.00      42.27       2.07       0.00       2.07       7.44      44.79       0.03       0.03       1.00      10.54       0.96       0.20
      0.40       4.89       0.00      39.00       2.01       0.00       0.00       7.25      65.70       0.02       0.03       1.00      10.20       0.97       0.19
      0.46       4.34       0.00      29.53       1.83       0.00       0.32       6.41      44.13       0.02       0.03       1.00      10.20       0.97       0.19
      0.57       4.41       0.00      32.30       1.88       0.00       0.60       7.40      39.86       0.07       0.09       0.95      25.46       0.70       0.54
      0.48       3.85       0.00      26.44       2.06       0.29       1.59       6.26      25.70       0.07       0.09       0.95      25.46       0.70       0.54
      0.46       3.69       0.00      41.00       2.50       0.00       0.00       4.75      46.06       0.02       0.02       0.99      11.07       0.95       0.21
      0.43       3.29       0.00      35.68       2.39       0.00       0.00       5.43      32.54       0.02       0.02       0.99      11.07       0.95       0.21
